Experiment: ['1562922665ismir_1700']
AUC: 0.8841298349917005
AUC: 0.3002986500522167