Experiment: ['1564671355vgg']
AUC: 0.8767615259520635
AUC: 0.28192480359001065