Experiment: ['1562267674ismir_17']
AUC: 0.8801927178090048
AUC: 0.28906431196994925