Experiment: ['1563683379spec']
AUC: 0.9030268990308291
AUC: 0.382267685217377