Experiment: ['1554202457ismir_17']
AUC: 0.9066769123674747
AUC: 0.38310571748763617